0,0.0,0.0,2.779421719096146
1,0.0,0.07142857142857142,2.776147141881696
2,0.0,0.14285714285714285,2.753759446735068
3,0.0,0.21428571428571427,2.73759379365187
4,0.0,0.2857142857142857,2.687814468363021
5,0.0,0.3571428571428571,2.653018885624839
6,0.0,0.42857142857142855,2.5409937050628675
7,0.0,0.5,2.471591416764497
8,0.0,0.5714285714285714,2.350023862566709
9,0.0,0.6428571428571428,2.1780468541669777
10,0.0,0.7142857142857142,2.096984919021581
11,0.0,0.7857142857142857,2.025085434262885
12,0.0,0.8571428571428571,2.01363283493351
13,0.0,0.9285714285714285,1.9175475097374428
14,0.0,1.0,2.0404118609093347
15,0.07142857142857142,0.0,2.848836956300094
16,0.07142857142857142,0.07142857142857142,2.8281726374781573
17,0.07142857142857142,0.14285714285714285,2.8539875248987547
18,0.07142857142857142,0.21428571428571427,2.812367010584679
19,0.07142857142857142,0.2857142857142857,2.763702604562109
20,0.07142857142857142,0.3571428571428571,2.700051911680493
21,0.07142857142857142,0.42857142857142855,2.66519957674625
22,0.07142857142857142,0.5,2.5830178121717804
23,0.07142857142857142,0.5714285714285714,2.4013432203604426
24,0.07142857142857142,0.6428571428571428,2.26112217436795
25,0.07142857142857142,0.7142857142857142,2.2033099436996637
26,0.07142857142857142,0.7857142857142857,2.1287163184741904
27,0.07142857142857142,0.8571428571428571,2.007553156979516
28,0.07142857142857142,0.9285714285714285,2.043538724303956
29,0.07142857142857142,1.0,2.0393379578788577
30,0.14285714285714285,0.0,2.926412475636248
31,0.14285714285714285,0.07142857142857142,2.909044040870002
32,0.14285714285714285,0.14285714285714285,2.902601882399157
33,0.14285714285714285,0.21428571428571427,2.863205398942948
34,0.14285714285714285,0.2857142857142857,2.82721597579479
35,0.14285714285714285,0.3571428571428571,2.779516325832764
36,0.14285714285714285,0.42857142857142855,2.7376246529225967
37,0.14285714285714285,0.5,2.6841032569971643
38,0.14285714285714285,0.5714285714285714,2.4944491472807915
39,0.14285714285714285,0.6428571428571428,2.386566407447187
40,0.14285714285714285,0.7142857142857142,2.231019747264582
41,0.14285714285714285,0.7857142857142857,2.235103506157288
42,0.14285714285714285,0.8571428571428571,2.0790955154141217
43,0.14285714285714285,0.9285714285714285,2.1528011279128902
44,0.14285714285714285,1.0,2.1926052900869646
45,0.21428571428571427,0.0,2.969627232559281
46,0.21428571428571427,0.07142857142857142,2.947356245664769
47,0.21428571428571427,0.14285714285714285,2.942008494261014
48,0.21428571428571427,0.21428571428571427,2.9236190545667773
49,0.21428571428571427,0.2857142857142857,2.90205933899299
50,0.21428571428571427,0.3571428571428571,2.8536155844102664
51,0.21428571428571427,0.42857142857142855,2.7900212075771864
52,0.21428571428571427,0.5,2.7131397780134425
53,0.21428571428571427,0.5714285714285714,2.6055620282716427
54,0.21428571428571427,0.6428571428571428,2.489896869285092
55,0.21428571428571427,0.7142857142857142,2.315706651740647
56,0.21428571428571427,0.7857142857142857,2.201940678183031
57,0.21428571428571427,0.8571428571428571,2.14092481016745
58,0.21428571428571427,0.9285714285714285,2.147129029438337
59,0.21428571428571427,1.0,2.1849204915652285
60,0.2857142857142857,0.0,2.873232014694784
61,0.2857142857142857,0.07142857142857142,2.8517610285755746
62,0.2857142857142857,0.14285714285714285,2.879933503555712
63,0.2857142857142857,0.21428571428571427,2.835281820122173
64,0.2857142857142857,0.2857142857142857,2.808881070452147
65,0.2857142857142857,0.3571428571428571,2.7627654511009543
66,0.2857142857142857,0.42857142857142855,2.718069694920328
67,0.2857142857142857,0.5,2.5862388704103
68,0.2857142857142857,0.5714285714285714,2.505759275213804
69,0.2857142857142857,0.6428571428571428,2.2616246759474152
70,0.2857142857142857,0.7142857142857142,2.136428038855612
71,0.2857142857142857,0.7857142857142857,2.184642445033048
72,0.2857142857142857,0.8571428571428571,2.099289377284943
73,0.2857142857142857,0.9285714285714285,2.091025333936131
74,0.2857142857142857,1.0,2.141908029165479
75,0.3571428571428571,0.0,2.809663396213004
76,0.3571428571428571,0.07142857142857142,2.814604472415676
77,0.3571428571428571,0.14285714285714285,2.8219771908655717
78,0.3571428571428571,0.21428571428571427,2.749108601577795
79,0.3571428571428571,0.2857142857142857,2.764663812386132
80,0.3571428571428571,0.3571428571428571,2.665749238341355
81,0.3571428571428571,0.42857142857142855,2.601860987029664
82,0.3571428571428571,0.5,2.5052757149936355
83,0.3571428571428571,0.5714285714285714,2.360048251942912
84,0.3571428571428571,0.6428571428571428,2.2391612034871367
85,0.3571428571428571,0.7142857142857142,2.1295946312803102
86,0.3571428571428571,0.7857142857142857,2.098407359387805
87,0.3571428571428571,0.8571428571428571,2.066312803283249
88,0.3571428571428571,0.9285714285714285,2.0395799311655383
89,0.3571428571428571,1.0,2.1164576210189088
90,0.42857142857142855,0.0,2.7284805356021917
91,0.42857142857142855,0.07142857142857142,2.764672613069895
92,0.42857142857142855,0.14285714285714285,2.7272008575923263
93,0.42857142857142855,0.21428571428571427,2.70437067184974
94,0.42857142857142855,0.2857142857142857,2.6495791329665965
95,0.42857142857142855,0.3571428571428571,2.6266049656361017
96,0.42857142857142855,0.42857142857142855,2.509919194531748
97,0.42857142857142855,0.5,2.452472421514989
98,0.42857142857142855,0.5714285714285714,2.2785912936959902
99,0.42857142857142855,0.6428571428571428,2.1386082532984863
100,0.42857142857142855,0.7142857142857142,2.0597322325588614
101,0.42857142857142855,0.7857142857142857,1.980264402295528
102,0.42857142857142855,0.8571428571428571,2.014022973718719
103,0.42857142857142855,0.9285714285714285,1.983233874148041
104,0.42857142857142855,1.0,2.003237169582804
105,0.5,0.0,2.6720370951095287
106,0.5,0.07142857142857142,2.6465961550952817
107,0.5,0.14285714285714285,2.6754559079233275
108,0.5,0.21428571428571427,2.614424475397381
109,0.5,0.2857142857142857,2.5801523032174893
110,0.5,0.3571428571428571,2.514474141357063
111,0.5,0.42857142857142855,2.4254828454676884
112,0.5,0.5,2.3470850775163337
113,0.5,0.5714285714285714,2.2135852068460093
114,0.5,0.6428571428571428,2.0969163024361297
115,0.5,0.7142857142857142,1.975788557154928
116,0.5,0.7857142857142857,1.947978203988822
117,0.5,0.8571428571428571,1.907274199947652
118,0.5,0.9285714285714285,1.9959410251542973
119,0.5,1.0,1.9986642633493843
120,0.5714285714285714,0.0,2.599397842805586
121,0.5714285714285714,0.07142857142857142,2.584510071200087
122,0.5714285714285714,0.14285714285714285,2.607631181710347
123,0.5714285714285714,0.21428571428571427,2.567661023723975
124,0.5714285714285714,0.2857142857142857,2.4922316286528168
125,0.5714285714285714,0.3571428571428571,2.4742816376192294
126,0.5714285714285714,0.42857142857142855,2.3663898368632115
127,0.5714285714285714,0.5,2.258160507204096
128,0.5714285714285714,0.5714285714285714,2.1060828097466846
129,0.5714285714285714,0.6428571428571428,1.9391213664189029
130,0.5714285714285714,0.7142857142857142,1.8597480238096615
131,0.5714285714285714,0.7857142857142857,1.8736477228036703
132,0.5714285714285714,0.8571428571428571,1.8540104260400896
133,0.5714285714285714,0.9285714285714285,1.9131327575496264
134,0.5714285714285714,1.0,2.0207986912893627
135,0.6428571428571428,0.0,2.514592350998782
136,0.6428571428571428,0.07142857142857142,2.5337843216804483
137,0.6428571428571428,0.14285714285714285,2.513156560556673
138,0.6428571428571428,0.21428571428571427,2.4875991221482296
139,0.6428571428571428,0.2857142857142857,2.4248034880818703
140,0.6428571428571428,0.3571428571428571,2.36403866393767
141,0.6428571428571428,0.42857142857142855,2.264687735179058
142,0.6428571428571428,0.5,2.101744883510297
143,0.6428571428571428,0.5714285714285714,1.993847954303804
144,0.6428571428571428,0.6428571428571428,1.8918550620822976
145,0.6428571428571428,0.7142857142857142,1.8037096714988277
146,0.6428571428571428,0.7857142857142857,1.83438942942047
147,0.6428571428571428,0.8571428571428571,1.7727249273229062
148,0.6428571428571428,0.9285714285714285,1.8325653460527835
149,0.6428571428571428,1.0,1.9376730783690213
150,0.7142857142857142,0.0,2.4685380235216603
151,0.7142857142857142,0.07142857142857142,2.478605234963448
152,0.7142857142857142,0.14285714285714285,2.439925116056416
153,0.7142857142857142,0.21428571428571427,2.418068291319845
154,0.7142857142857142,0.2857142857142857,2.3476138607807924
155,0.7142857142857142,0.3571428571428571,2.296366656844364
156,0.7142857142857142,0.42857142857142855,2.1658905700744144
157,0.7142857142857142,0.5,2.0123320327360874
158,0.7142857142857142,0.5714285714285714,1.9149951023581628
159,0.7142857142857142,0.6428571428571428,1.7538158824480463
160,0.7142857142857142,0.7142857142857142,1.7581834888684904
161,0.7142857142857142,0.7857142857142857,1.711917655469033
162,0.7142857142857142,0.8571428571428571,1.7403811039895447
163,0.7142857142857142,0.9285714285714285,1.826480772085884
164,0.7142857142857142,1.0,1.934918702718131
165,0.7857142857142857,0.0,2.399915675597446
166,0.7857142857142857,0.07142857142857142,2.384705685613745
167,0.7857142857142857,0.14285714285714285,2.405824267203216
168,0.7857142857142857,0.21428571428571427,2.334947213605711
169,0.7857142857142857,0.2857142857142857,2.2419961690592154
170,0.7857142857142857,0.3571428571428571,2.1968673603209425
171,0.7857142857142857,0.42857142857142855,2.0865725172048983
172,0.7857142857142857,0.5,1.9463429277094884
173,0.7857142857142857,0.5714285714285714,1.847814712638343
174,0.7857142857142857,0.6428571428571428,1.725099019252256
175,0.7857142857142857,0.7142857142857142,1.666533946379343
176,0.7857142857142857,0.7857142857142857,1.682959738125611
177,0.7857142857142857,0.8571428571428571,1.7402941469472415
178,0.7857142857142857,0.9285714285714285,1.7988304426819834
179,0.7857142857142857,1.0,1.9152707175890984
180,0.8571428571428571,0.0,2.293935299123521
181,0.8571428571428571,0.07142857142857142,2.307250703965805
182,0.8571428571428571,0.14285714285714285,2.262941400859711
183,0.8571428571428571,0.21428571428571427,2.249680316034543
184,0.8571428571428571,0.2857142857142857,2.19450251398842
185,0.8571428571428571,0.3571428571428571,2.0861725454016185
186,0.8571428571428571,0.42857142857142855,1.981608563051306
187,0.8571428571428571,0.5,1.857711171427285
188,0.8571428571428571,0.5714285714285714,1.7253464155127551
189,0.8571428571428571,0.6428571428571428,1.641325179625514
190,0.8571428571428571,0.7142857142857142,1.6194643887654698
191,0.8571428571428571,0.7857142857142857,1.6772030948975247
192,0.8571428571428571,0.8571428571428571,1.704364066101077
193,0.8571428571428571,0.9285714285714285,1.7323617806501586
194,0.8571428571428571,1.0,1.8539793786331416
195,0.9285714285714285,0.0,2.276639155125317
196,0.9285714285714285,0.07142857142857142,2.266815885276368
197,0.9285714285714285,0.14285714285714285,2.251283094746777
198,0.9285714285714285,0.21428571428571427,2.2092159193612444
199,0.9285714285714285,0.2857142857142857,2.1154520032196484
200,0.9285714285714285,0.3571428571428571,2.042873730735621
201,0.9285714285714285,0.42857142857142855,1.898612082061896
202,0.9285714285714285,0.5,1.7408521540992137
203,0.9285714285714285,0.5714285714285714,1.6229328742205518
204,0.9285714285714285,0.6428571428571428,1.5383245216537498
205,0.9285714285714285,0.7142857142857142,1.568643380961039
206,0.9285714285714285,0.7857142857142857,1.5945727542825907
207,0.9285714285714285,0.8571428571428571,1.6720905306869775
208,0.9285714285714285,0.9285714285714285,1.771396686209002
209,0.9285714285714285,1.0,1.8655059613406668
210,1.0,0.0,2.2151279446752805
211,1.0,0.07142857142857142,2.2009111348940253
212,1.0,0.14285714285714285,2.1684916947625186
213,1.0,0.21428571428571427,2.125525717006077
214,1.0,0.2857142857142857,2.036170326289593
215,1.0,0.3571428571428571,1.934980257839701
216,1.0,0.42857142857142855,1.7899133644918712
217,1.0,0.5,1.6859692586996602
218,1.0,0.5714285714285714,1.5445941502314269
219,1.0,0.6428571428571428,1.4855059944857802
220,1.0,0.7142857142857142,1.504213754326747
221,1.0,0.7857142857142857,1.6045713141660178
222,1.0,0.8571428571428571,1.675592388269153
223,1.0,0.9285714285714285,1.807029463850136
224,1.0,1.0,1.858372282630256
